scale:0.027777777777777776,0.028169014084507043,0.010752688172043012,0.08695652173913043,0.002777777777777778,0.004901960784313725,0.008695652173913044,0.037037037037037035
min:-0.25,0.18309859154929578,-0.07526881720430108,0.0,0.0,0.0,-8.26086956521739,0.0
data_min:9.0,-6.5,7.0,0.0,0.0,0.0,950.0,0.0
data_max:45.0,29.0,100.0,11.5,360.0,204.0,1065.0,27.0
data_range:36.0,35.5,93.0,11.5,360.0,204.0,115.0,27.0
